20 20 100 100
0 0 0 0 S2 -1 -1 -1 -1 0 0 -1 0 -1 -1 0 0 -1 -1 -1 
0 0 0 0 0 0 0 0 0 0 0 0 0 0 0 0 -1 -1 0 0 
0 0 0 0 0 0 0 0 0 6 0 0 0 0 0 0 G5 0 0 0 
0 0 0 0 0 0 0 0 0 S1 0 0 -1 -1 -1 -1 -1 -1 -1 -1 
0 0 S4 0 2 0 -1 0 -1 -1 -1 9 7 0 -1 0 0 0 -1 -1 
-1 0 0 0 G3 -1 -1 0 0 0 0 0 0 0 -1 -1 -1 0 0 0 
-1 0 6 0 0 0 -1 0 4 0 0 0 0 0 -1 0 0 0 0 0 
-1 0 0 0 0 -1 -1 -1 -1 -1 -1 -1 -1 0 -1 0 4 0 0 0 
-1 0 0 0 0 0 -1 0 0 0 0 0 0 0 -1 0 0 0 0 0 
-1 8 -1 0 0 0 -1 0 0 0 4 0 0 0 -1 -1 -1 0 0 0 
-1 0 -1 0 0 0 -1 0 0 0 0 0 0 0 -1 3 0 0 0 0 
-1 0 -1 0 0 0 -1 0 0 0 0 G 0 0 0 0 0 0 0 0 
-1 0 -1 S 0 0 -1 0 0 0 -1 -1 -1 -1 -1 -1 -1 G4 0 0 
-1 6 -1 0 0 0 -1 S5 0 0 0 0 -1 -1 -1 -1 -1 -1 0 0 
-1 0 -1 -1 0 -1 -1 0 0 5 0 0 0 0 0 0 0 0 0 0 
-1 0 -1 G2 -1 -1 -1 0 0 0 -1 0 0 0 0 0 0 0 0 0 
10 0 -1 0 0 0 0 0 0 0 -1 0 0 0 0 0 0 0 0 0 
0 -1 -1 -1 9 0 -1 0 0 S3 -1 1 0 0 0 0 0 0 0 0 
0 0 -1 -1 0 0 0 0 0 0 -1 0 -1 0 0 -1 0 0 0 0 
0 -1 -1 -1 -1 -1 -1 -1 0 G1 -1 0 -1 0 0 -1 4 0 0 0 