28 40 100 100
0 0 0 0 0 0 0 -1 0 0 0 0 0 0 S8 0 0 0 0 0 0 0 0 0 0 0 0 0 0 0 G5 0 0 0 0 0 G6 0 0 0 
0 0 0 0 0 0 0 -1 G4 0 0 9 0 0 0 0 0 0 0 0 0 0 0 0 0 0 -1 10 G2 0 0 0 0 0 0 0 0 0 0 0 
0 0 -1 -1 -1 -1 -1 -1 0 -1 0 0 0 -1 -1 -1 0 0 0 0 6 0 0 0 0 0 -1 0 0 0 0 0 0 0 0 S 0 0 -1 -1 
0 0 0 0 10 0 -1 -1 0 -1 0 0 0 0 0 0 0 0 0 0 0 0 0 0 0 0 -1 0 0 0 0 0 0 0 0 0 0 0 0 -1 
0 0 0 0 0 0 -1 -1 0 -1 0 0 0 0 0 0 0 5 0 -1 0 0 0 0 0 0 -1 0 0 0 G3 0 0 0 0 0 0 0 0 -1 
0 G1 0 0 0 0 -1 -1 0 -1 0 0 0 0 0 0 -1 -1 -1 -1 0 -1 0 0 0 0 -1 0 0 0 0 0 -1 -1 -1 -1 -1 -1 -1 -1 
0 0 0 0 0 0 0 -1 0 0 0 0 0 0 0 0 0 0 0 -1 0 0 0 0 8 0 -1 S1 0 0 0 0 0 0 0 0 0 0 0 -1 
0 0 0 0 0 0 -1 -1 0 G7 0 0 0 0 0 0 0 0 0 -1 0 0 0 0 0 0 -1 -1 -1 -1 -1 -1 -1 -1 -1 -1 -1 -1 -1 -1 
0 0 0 0 0 10 0 -1 3 0 0 0 0 0 0 0 0 0 0 -1 0 0 0 0 0 0 0 0 -1 -1 -1 -1 -1 -1 -1 0 0 0 0 -1 
0 0 0 7 0 0 0 -1 0 0 0 0 0 0 0 0 -1 -1 -1 -1 -1 -1 -1 -1 -1 -1 -1 -1 -1 -1 -1 0 -1 0 -1 0 0 0 0 -1 
0 0 -1 -1 -1 -1 -1 -1 -1 0 0 0 0 -1 -1 -1 -1 -1 -1 -1 -1 -1 0 0 S3 0 0 0 0 0 0 0 0 0 -1 0 0 0 0 -1 
0 0 0 0 0 -1 0 -1 0 0 0 0 0 -1 0 0 0 0 0 -1 -1 -1 0 0 0 0 0 0 0 0 0 0 0 0 -1 0 -1 -1 -1 -1 
0 0 -1 0 -1 -1 0 0 0 0 0 0 0 -1 0 0 0 0 0 0 0 0 0 0 0 0 0 0 0 0 0 0 0 0 -1 0 0 0 0 -1 
0 0 -1 0 0 0 0 0 0 -1 0 0 0 -1 0 0 0 0 0 0 S5 3 0 0 0 0 0 0 0 0 0 0 0 0 -1 0 0 0 0 -1 
0 0 -1 0 -1 -1 -1 -1 -1 -1 -1 0 0 -1 0 0 0 0 0 0 0 0 0 0 -1 -1 -1 -1 -1 0 0 0 0 0 -1 0 0 0 0 -1 
0 0 -1 0 0 0 0 0 0 0 0 0 0 -1 0 G8 0 0 0 0 0 0 0 0 0 0 0 0 0 0 0 0 0 0 -1 0 0 -1 -1 -1 
0 0 -1 0 0 0 0 -1 -1 -1 -1 -1 -1 -1 -1 -1 0 0 0 0 0 0 0 0 0 0 0 -1 -1 -1 -1 -1 0 0 -1 0 0 0 0 -1 
0 0 -1 -1 0 0 0 0 0 0 0 0 0 -1 0 0 -1 0 0 0 0 0 0 S4 0 0 0 0 0 0 0 0 0 0 -1 -1 9 0 0 0 
0 0 -1 -1 0 0 0 0 0 0 0 0 0 -1 0 0 -1 0 0 0 0 0 0 0 0 0 0 0 0 S6 0 0 0 0 -1 0 0 0 0 0 
0 0 -1 -1 0 0 0 0 0 0 0 0 0 -1 0 0 0 0 0 0 0 0 0 0 0 10 0 0 0 0 0 0 0 0 0 0 0 0 0 0 
0 0 -1 -1 0 0 0 0 0 0 0 0 0 -1 0 0 0 0 0 0 -1 -1 -1 -1 -1 -1 -1 -1 -1 -1 0 0 0 -1 0 0 0 0 0 0 
0 0 -1 -1 0 0 0 0 0 0 -1 -1 -1 -1 -1 -1 -1 -1 -1 -1 -1 0 0 0 0 0 0 0 0 0 0 0 0 -1 0 0 0 0 0 5 
0 0 0 -1 0 0 0 0 0 0 0 0 -1 -1 -1 -1 -1 -1 -1 -1 -1 -1 -1 -1 -1 -1 -1 -1 -1 0 0 0 0 -1 0 0 0 0 0 0 
0 G 0 -1 0 0 0 0 0 0 0 0 0 0 0 0 0 0 0 0 0 0 0 0 10 -1 -1 -1 -1 -1 0 0 0 -1 0 -1 -1 -1 -1 0 
5 0 0 -1 0 0 0 0 0 0 0 0 0 0 0 0 0 0 0 0 0 0 0 9 0 0 0 0 0 0 0 0 0 -1 0 0 0 0 0 0 
0 0 0 -1 0 3 0 0 0 0 0 0 0 0 -1 0 0 0 0 -1 -1 -1 -1 -1 -1 0 -1 0 0 0 0 0 0 0 0 0 0 0 0 S2 
0 0 -1 -1 -1 -1 -1 -1 -1 0 0 7 0 0 -1 0 0 0 0 0 10 0 0 0 0 0 -1 8 0 0 0 0 0 0 0 0 0 S7 -1 0 
0 0 0 -1 -1 -1 -1 7 0 0 0 0 0 0 -1 0 0 0 0 0 -1 0 0 0 -1 -1 -1 -1 -1 -1 -1 -1 0 0 0 0 -1 -1 -1 -1 
